18
11
0 69
1 32
2 89
3 57
4 131
5 92
6 74
7 31
8 118
9 21
10 141
11 20
12 8
13 125
14 44
15 100
16 119
17 108
18 95
19 43
20 11
21 2
22 65
23 115
24 45
25 111
26 127
27 30
28 19
29 36
30 124
31 51
32 84
33 139
34 60
35 5
36 9
37 102
38 128
39 96
40 134
41 122
42 113
43 46
44 47
45 4
46 6
47 53
48 75
49 67
50 17
51 105
52 110
53 142
54 101
55 138
56 33
57 52
58 79
59 145
60 135
61 85
62 107
63 83
64 13
65 50
66 29
67 1
68 121
69 78
70 48
71 68
72 56
73 140
74 144
75 106
76 63
77 54
78 112
79 143
80 81
81 117
82 62
83 116
84 132
85 77
86 3
87 12
88 136
89 93
90 148
91 28
92 59
93 97
94 10
95 149
96 86
97 49
98 0
99 38
100 16
101 58
102 76
103 90
104 37
105 15
106 80
107 23
108 99
109 82
110 35
111 24
112 66
113 27
114 73
115 147
116 61
117 25
118 55
119 109
120 34
121 42
122 130
123 98
124 22
125 137
126 104
127 26
128 64
129 114
130 123
131 87
132 41
133 103
134 133
135 129
136 88
137 18
138 70
139 71
140 39
141 94
142 126
143 40
144 91
145 146
146 14
147 7
148 72
149 120
